EDP        block    round    weight   idx      key      time(s)   
1.2852     128      10       110      0        2        204.432   
1.7500     128      10       110      0        3        76.207    
1.2852     128      10       110      0        4        19.280    
1.0664     128      10       49       0        2        48.887    
1.0664     128      10       49       0        3        44.701    
1.0664     128      10       49       0        4        22.994    
1.2188     128      14       110      0        2        282.211   
2.0898     128      14       110      0        3        269.484   
1.2188     128      14       110      0        4        298.989   
1.3125     128      15       115      0        2        337.654   
1.1035     128      15       115      0        3        659.532   
1.3125     128      15       115      0        4        274.123   
1.2422     128      19       119      0        2        829.530   
2.0703     128      19       119      0        3        690.855   
1.2422     128      19       119      0        4        366.943   
1.2422     128      19       120      0        2        692.818   
2.0703     128      19       120      0        3        756.083   
1.2422     128      19       120      0        4        357.896   
1.2422     128      19       120      1        2        837.584   
2.0703     128      19       120      1        3        769.594   
1.2422     128      19       120      1        4        378.423   
1.2422     128      19       120      2        2        707.375   
2.0703     128      19       120      2        3        694.972   
1.2422     128      19       120      2        4        333.864   
1.2422     128      19       120      3        2        465.541   
2.0703     128      19       120      3        3        918.746   
1.2422     128      19       120      3        4        367.829   
1.2461     128      19       120      4        2        665.739   
2.0781     128      19       120      4        3        747.865   
1.2461     128      19       120      4        4        332.230   
1.0703     128      19       120      5        2        665.173   
1.8047     128      19       120      5        3        734.084   
1.0703     128      19       120      5        4        349.187   
1.2422     128      20       128      0        2        624.953   
2.0703     128      20       128      0        3        756.409   
1.2422     128      20       128      0        4        595.220   
1.0664     128      9        39       0        2        42.763    
1.0664     128      9        39       0        3        16.120    
1.0664     128      9        39       0        4        34.518    
1.0000     32       10       35       0        4        1.345     
0.0000     32       10       41       0        4        0.733     
1.0000     32       6        13       0        4        0.111     
1.0000     32       7        18       0        4        0.338     
1.0000     32       8        24       0        4        0.636     
1.0000     32       8        25       0        4        0.658     
1.0000     32       8        27       0        4        0.689     
1.0000     32       8        27       1        4        0.755     
1.0000     32       9        30       0        4        0.972     
1.0000     32       9        30       1        4        1.598     
1.0000     32       9        30       10       4        1.327     
1.0000     32       9        30       11       4        1.716     
1.0000     32       9        30       12       4        1.639     
1.0000     32       9        30       13       4        1.283     
1.0000     32       9        30       14       4        0.909     
1.0000     32       9        30       2        4        1.353     
1.0000     32       9        30       3        4        1.480     
1.0000     32       9        30       4        4        1.370     
1.0000     32       9        30       5        4        1.257     
1.0000     32       9        30       6        4        1.927     
1.0000     32       9        30       7        4        0.504     
1.0000     32       9        30       8        4        1.013     
1.0000     32       9        30       9        4        1.500     
1.0000     32       9        31       0        4        1.900     
1.0000     32       9        31       1        4        1.309     
1.0000     32       9        33       0        4        0.997     
1.0000     32       9        33       1        4        0.801     
1.0000     48       10       45       0        3        12.200    
1.0000     48       10       45       0        4        4.257     
0.8750     48       11       45       0        3        9.510     
0.8750     48       11       45       0        4        6.270     
0.8750     48       11       45       1        3        6.951     
0.8750     48       11       45       1        4        4.946     
0.8750     48       11       45       2        3        10.768    
0.8750     48       11       45       2        4        7.516     
0.8750     48       11       45       3        3        7.196     
0.8750     48       11       45       3        4        4.617     
0.8750     48       11       45       4        3        7.271     
0.8750     48       11       45       4        4        4.944     
1.1660     48       11       46       0        3        9.877     
0.8750     48       11       46       0        4        6.827     
1.1660     48       11       47       0        3        10.784    
0.8750     48       11       47       0        4        5.521     
1.9551     48       11       47       1        3        12.929    
1.0703     48       11       47       1        4        12.535    
1.0000     48       8        38       0        3        24.624    
1.0000     48       8        38       0        4        3.687     
1.0000     48       9        35       0        3        22.855    
1.0000     48       9        35       0        4        3.882     
1.5176     48       9        47       0        3        4.041     
1.1406     48       9        47       0        4        1.371     
1.6992     64       10       52       0        3        17.549    
1.2383     64       10       52       0        4        5.521     
1.0000     64       13       55       0        3        28.586    
1.0000     64       13       55       0        4        24.608    
1.0645     64       13       58       0        3        147.283   
1.0664     64       13       58       0        4        45.294    
1.0664     64       13       59       0        3        40.352    
1.0664     64       13       59       0        4        24.925    
1.4121     64       14       60       0        3        35.592    
1.0664     64       14       60       0        4        24.120    
1.0000     64       15       62       0        3        249.204   
1.0000     64       15       62       0        4        116.380   
1.0664     64       15       62       1        3        61.171    
1.0664     64       15       62       1        4        31.058    
1.0664     64       15       62       2        3        54.422    
1.0664     64       15       62       2        4        131.900   
1.0664     64       15       62       3        3        133.605   
1.0664     64       15       62       3        4        80.540    
1.0664     64       15       63       0        3        56.604    
1.0664     64       15       63       0        4        42.970    
1.0664     64       15       63       1        3        60.684    
1.0664     64       15       63       1        4        117.300   
1.0664     64       15       63       2        3        284.613   
1.0664     64       15       63       2        4        138.972   
1.0664     64       15       63       3        3        55.961    
1.0664     64       15       63       3        4        46.378    
1.0664     64       15       63       4        3        50.064    
1.0664     64       15       63       4        4        39.442    
1.0664     64       15       63       5        3        46.775    
1.0664     64       15       63       5        4        44.346    
1.0664     64       15       63       6        3        45.523    
1.0664     64       15       63       6        4        107.088   
1.0664     64       15       63       7        3        45.503    
1.0664     64       15       63       7        4        87.581    
1.0664     64       15       63       8        3        93.994    
1.0664     64       15       63       8        4        29.313       
1.0664     96       10       49       0        2        87.782    
1.0664     96       10       49       0        3        112.060   
1.1367     96       13       84       0        2        121.678   
2.0547     96       13       84       0        3        78.828    
1.1367     96       13       84       1        2        416.288   
2.0488     96       13       84       1        3        106.537   
0.8008     96       16       87       0        2        150.604   
3.2031     96       16       87       0        3        139.805   
1.0664     96       16       87       1        2        123.821   
1.0664     96       16       87       1        3        111.544   
1.1367     96       17       96       0        2        188.069   
2.0547     96       17       96       0        3        632.399   
1.0820     96       9        74       0        2        27.179    
1.4746     96       9        74       0        3        5.664     
