============================================================
Weight loss = 0
============================================================

Summary (1 trails):
  s   weight      value
  1        0   1.000000

Cumulative EDP:
  weight          EDP    weight time
       0     1.000000          0.39s

============================================================
Weight loss = 1
============================================================

Summary (2 trails):
  s   weight      value
 -1        1  -0.500000
 -1        1  -0.500000

Cumulative EDP:
  weight          EDP    weight time
       1     0.000000         19.83s

============================================================
Weight loss = 2
============================================================

Summary (12 trails):
  s   weight      value
  1        2   0.250000
  1        2   0.250000
  1        2   0.250000
  1        2   0.250000
 -1        2  -0.250000
  1        2   0.250000
  1        2   0.250000
  1        2   0.250000
 -1        2  -0.250000
  1        2   0.250000
  1        2   0.250000
  1        2   0.250000

Cumulative EDP:
  weight          EDP    weight time
       2     2.000000         10.68s

============================================================
Weight loss = 3
============================================================

Summary (22 trails):
  s   weight      value
 -1        3  -0.125000
 -1        3  -0.125000
 -1        3  -0.125000
 -1        3  -0.125000
 -1        3  -0.125000
 -1        3  -0.125000
 -1        3  -0.125000
 -1        3  -0.125000
 -1        3  -0.125000
 -1        3  -0.125000
  1        3   0.125000
 -1        3  -0.125000
 -1        3  -0.125000
 -1        3  -0.125000
  1        3   0.125000
 -1        3  -0.125000
  1        3   0.125000
 -1        3  -0.125000
 -1        3  -0.125000
 -1        3  -0.125000
 -1        3  -0.125000
  1        3   0.125000

Cumulative EDP:
  weight          EDP    weight time
       3     0.250000         33.50s

============================================================
Weight loss = 4
============================================================

Summary (79 trails):
  s   weight      value
  1        4   0.062500
  1        4   0.062500
  1        4   0.062500
  1        4   0.062500
  1        4   0.062500
 -1        4  -0.062500
  1        4   0.062500
  1        4   0.062500
  1        4   0.062500
  1        4   0.062500
 -1        4  -0.062500
  1        4   0.062500
  1        4   0.062500
  1        4   0.062500
 -1        4  -0.062500
  1        4   0.062500
  1        4   0.062500
  1        4   0.062500
 -1        4  -0.062500
 -1        4  -0.062500
  1        4   0.062500
 -1        4  -0.062500
  1        4   0.062500
  1        4   0.062500
  1        4   0.062500
  1        4   0.062500
 -1        4  -0.062500
  1        4   0.062500
  1        4   0.062500
  1        4   0.062500
  1        4   0.062500
  1        4   0.062500
  1        4   0.062500
  1        4   0.062500
 -1        4  -0.062500
  1        4   0.062500
  1        4   0.062500
  1        4   0.062500
  1        4   0.062500
  1        4   0.062500
  1        4   0.062500
  1        4   0.062500
  1        4   0.062500
  1        4   0.062500
  1        4   0.062500
  1        4   0.062500
  1        4   0.062500
 -1        4  -0.062500
  1        4   0.062500
  1        4   0.062500
  1        4   0.062500
 -1        4  -0.062500
 -1        4  -0.062500
  1        4   0.062500
  1        4   0.062500
 -1        4  -0.062500
  1        4   0.062500
  1        4   0.062500
  1        4   0.062500
  1        4   0.062500
  1        4   0.062500
  1        4   0.062500
 -1        4  -0.062500
  1        4   0.062500
  1        4   0.062500
 -1        4  -0.062500
 -1        4  -0.062500
  1        4   0.062500
  1        4   0.062500
 -1        4  -0.062500
 -1        4  -0.062500
 -1        4  -0.062500
 -1        4  -0.062500
 -1        4  -0.062500
  1        4   0.062500
  1        4   0.062500
 -1        4  -0.062500
 -1        4  -0.062500
 -1        4  -0.062500

Cumulative EDP:
  weight          EDP    weight time
       4     2.312500        258.20s

============================================================
Weight loss = 5
============================================================

Summary (138 trails):
  s   weight      value
 -1        5  -0.031250
 -1        5  -0.031250
 -1        5  -0.031250
 -1        5  -0.031250
 -1        5  -0.031250
 -1        5  -0.031250
 -1        5  -0.031250
 -1        5  -0.031250
 -1        5  -0.031250
 -1        5  -0.031250
 -1        5  -0.031250
 -1        5  -0.031250
 -1        5  -0.031250
 -1        5  -0.031250
 -1        5  -0.031250
 -1        5  -0.031250
 -1        5  -0.031250
 -1        5  -0.031250
 -1        5  -0.031250
 -1        5  -0.031250
 -1        5  -0.031250
 -1        5  -0.031250
  1        5   0.031250
 -1        5  -0.031250
  1        5   0.031250
 -1        5  -0.031250
 -1        5  -0.031250
  1        5   0.031250
  1        5   0.031250
  1        5   0.031250
 -1        5  -0.031250
 -1        5  -0.031250
 -1        5  -0.031250
 -1        5  -0.031250
  1        5   0.031250
 -1        5  -0.031250
  1        5   0.031250
 -1        5  -0.031250
  1        5   0.031250
  1        5   0.031250
  1        5   0.031250
  1        5   0.031250
 -1        5  -0.031250
 -1        5  -0.031250
  1        5   0.031250
 -1        5  -0.031250
  1        5   0.031250
 -1        5  -0.031250
  1        5   0.031250
 -1        5  -0.031250
 -1        5  -0.031250
 -1        5  -0.031250
  1        5   0.031250
 -1        5  -0.031250
 -1        5  -0.031250
 -1        5  -0.031250
 -1        5  -0.031250
  1        5   0.031250
 -1        5  -0.031250
 -1        5  -0.031250
 -1        5  -0.031250
  1        5   0.031250
  1        5   0.031250
 -1        5  -0.031250
  1        5   0.031250
 -1        5  -0.031250
 -1        5  -0.031250
 -1        5  -0.031250
  1        5   0.031250
 -1        5  -0.031250
 -1        5  -0.031250
 -1        5  -0.031250
  1        5   0.031250
 -1        5  -0.031250
 -1        5  -0.031250
  1        5   0.031250
 -1        5  -0.031250
 -1        5  -0.031250
 -1        5  -0.031250
 -1        5  -0.031250
 -1        5  -0.031250
 -1        5  -0.031250
 -1        5  -0.031250
 -1        5  -0.031250
  1        5   0.031250
 -1        5  -0.031250
  1        5   0.031250
 -1        5  -0.031250
  1        5   0.031250
 -1        5  -0.031250
  1        5   0.031250
 -1        5  -0.031250
  1        5   0.031250
 -1        5  -0.031250
 -1        5  -0.031250
 -1        5  -0.031250
  1        5   0.031250
  1        5   0.031250
  1        5   0.031250
 -1        5  -0.031250
 -1        5  -0.031250
  1        5   0.031250
 -1        5  -0.031250
  1        5   0.031250
  1        5   0.031250
 -1        5  -0.031250
  1        5   0.031250
 -1        5  -0.031250
 -1        5  -0.031250
 -1        5  -0.031250
 -1        5  -0.031250
  1        5   0.031250
  1        5   0.031250
 -1        5  -0.031250
 -1        5  -0.031250
 -1        5  -0.031250
 -1        5  -0.031250
 -1        5  -0.031250
  1        5   0.031250
 -1        5  -0.031250
 -1        5  -0.031250
  1        5   0.031250
  1        5   0.031250
 -1        5  -0.031250
 -1        5  -0.031250
 -1        5  -0.031250
 -1        5  -0.031250
  1        5   0.031250
 -1        5  -0.031250
 -1        5  -0.031250
 -1        5  -0.031250
 -1        5  -0.031250
  1        5   0.031250
 -1        5  -0.031250
 -1        5  -0.031250
 -1        5  -0.031250
 -1        5  -0.031250
 -1        5  -0.031250

Cumulative EDP:
  weight          EDP    weight time
       5     0.562500        821.11s

============================================================
Weight loss = 6
============================================================

Summary (384 trails):
  s   weight      value
  1        6   0.015625
  1        6   0.015625
  1        6   0.015625
  1        6   0.015625
  1        6   0.015625
  1        6   0.015625
  1        6   0.015625
  1        6   0.015625
  1        6   0.015625
 -1        6  -0.015625
  1        6   0.015625
  1        6   0.015625
  1        6   0.015625
 -1        6  -0.015625
  1        6   0.015625
 -1        6  -0.015625
  1        6   0.015625
  1        6   0.015625
  1        6   0.015625
 -1        6  -0.015625
  1        6   0.015625
 -1        6  -0.015625
  1        6   0.015625
  1        6   0.015625
  1        6   0.015625
 -1        6  -0.015625
  1        6   0.015625
  1        6   0.015625
  1        6   0.015625
 -1        6  -0.015625
  1        6   0.015625
  1        6   0.015625
 -1        6  -0.015625
 -1        6  -0.015625
 -1        6  -0.015625
 -1        6  -0.015625
  1        6   0.015625
  1        6   0.015625
  1        6   0.015625
  1        6   0.015625
 -1        6  -0.015625
 -1        6  -0.015625
 -1        6  -0.015625
  1        6   0.015625
 -1        6  -0.015625
 -1        6  -0.015625
 -1        6  -0.015625
 -1        6  -0.015625
  1        6   0.015625
  1        6   0.015625
  1        6   0.015625
 -1        6  -0.015625
  1        6   0.015625
 -1        6  -0.015625
  1        6   0.015625
 -1        6  -0.015625
 -1        6  -0.015625
  1        6   0.015625
 -1        6  -0.015625
  1        6   0.015625
 -1        6  -0.015625
  1        6   0.015625
 -1        6  -0.015625
  1        6   0.015625
  1        6   0.015625
 -1        6  -0.015625
  1        6   0.015625
 -1        6  -0.015625
  1        6   0.015625
  1        6   0.015625
 -1        6  -0.015625
  1        6   0.015625
  1        6   0.015625
  1        6   0.015625
  1        6   0.015625
 -1        6  -0.015625
  1        6   0.015625
  1        6   0.015625
  1        6   0.015625
  1        6   0.015625
  1        6   0.015625
  1        6   0.015625
  1        6   0.015625
  1        6   0.015625
 -1        6  -0.015625
  1        6   0.015625
  1        6   0.015625
  1        6   0.015625
 -1        6  -0.015625
 -1        6  -0.015625
 -1        6  -0.015625
 -1        6  -0.015625
  1        6   0.015625
 -1        6  -0.015625
 -1        6  -0.015625
 -1        6  -0.015625
  1        6   0.015625
  1        6   0.015625
  1        6   0.015625
  1        6   0.015625
  1        6   0.015625
  1        6   0.015625
  1        6   0.015625
  1        6   0.015625
  1        6   0.015625
 -1        6  -0.015625
  1        6   0.015625
  1        6   0.015625
 -1        6  -0.015625
  1        6   0.015625
 -1        6  -0.015625
  1        6   0.015625
  1        6   0.015625
  1        6   0.015625
  1        6   0.015625
  1        6   0.015625
  1        6   0.015625
  1        6   0.015625
 -1        6  -0.015625
 -1        6  -0.015625
 -1        6  -0.015625
  1        6   0.015625
 -1        6  -0.015625
  1        6   0.015625
 -1        6  -0.015625
  1        6   0.015625
  1        6   0.015625
  1        6   0.015625
  1        6   0.015625
  1        6   0.015625
  1        6   0.015625
 -1        6  -0.015625
  1        6   0.015625
 -1        6  -0.015625
  1        6   0.015625
  1        6   0.015625
  1        6   0.015625
 -1        6  -0.015625
  1        6   0.015625
 -1        6  -0.015625
  1        6   0.015625
  1        6   0.015625
  1        6   0.015625
  1        6   0.015625
  1        6   0.015625
 -1        6  -0.015625
  1        6   0.015625
  1        6   0.015625
  1        6   0.015625
 -1        6  -0.015625
 -1        6  -0.015625
  1        6   0.015625
  1        6   0.015625
  1        6   0.015625
 -1        6  -0.015625
  1        6   0.015625
  1        6   0.015625
  1        6   0.015625
  1        6   0.015625
  1        6   0.015625
  1        6   0.015625
  1        6   0.015625
  1        6   0.015625
 -1        6  -0.015625
  1        6   0.015625
 -1        6  -0.015625
 -1        6  -0.015625
  1        6   0.015625
  1        6   0.015625
 -1        6  -0.015625
 -1        6  -0.015625
  1        6   0.015625
  1        6   0.015625
  1        6   0.015625
  1        6   0.015625
 -1        6  -0.015625
  1        6   0.015625
  1        6   0.015625
  1        6   0.015625
 -1        6  -0.015625
  1        6   0.015625
 -1        6  -0.015625
 -1        6  -0.015625
  1        6   0.015625
 -1        6  -0.015625
  1        6   0.015625
 -1        6  -0.015625
  1        6   0.015625
  1        6   0.015625
  1        6   0.015625
  1        6   0.015625
  1        6   0.015625
 -1        6  -0.015625
  1        6   0.015625
  1        6   0.015625
  1        6   0.015625
 -1        6  -0.015625
  1        6   0.015625
 -1        6  -0.015625
  1        6   0.015625
  1        6   0.015625
  1        6   0.015625
 -1        6  -0.015625
 -1        6  -0.015625
  1        6   0.015625
  1        6   0.015625
 -1        6  -0.015625
 -1        6  -0.015625
  1        6   0.015625
  1        6   0.015625
  1        6   0.015625
  1        6   0.015625
  1        6   0.015625
  1        6   0.015625
 -1        6  -0.015625
  1        6   0.015625
 -1        6  -0.015625
  1        6   0.015625
  1        6   0.015625
  1        6   0.015625
  1        6   0.015625
 -1        6  -0.015625
  1        6   0.015625
 -1        6  -0.015625
  1        6   0.015625
 -1        6  -0.015625
  1        6   0.015625
  1        6   0.015625
 -1        6  -0.015625
  1        6   0.015625
  1        6   0.015625
  1        6   0.015625
  1        6   0.015625
 -1        6  -0.015625
  1        6   0.015625
  1        6   0.015625
 -1        6  -0.015625
  1        6   0.015625
  1        6   0.015625
 -1        6  -0.015625
  1        6   0.015625
 -1        6  -0.015625
 -1        6  -0.015625
  1        6   0.015625
 -1        6  -0.015625
  1        6   0.015625
 -1        6  -0.015625
  1        6   0.015625
 -1        6  -0.015625
  1        6   0.015625
  1        6   0.015625
  1        6   0.015625
  1        6   0.015625
  1        6   0.015625
  1        6   0.015625
 -1        6  -0.015625
 -1        6  -0.015625
  1        6   0.015625
 -1        6  -0.015625
  1        6   0.015625
  1        6   0.015625
  1        6   0.015625
  1        6   0.015625
  1        6   0.015625
 -1        6  -0.015625
 -1        6  -0.015625
  1        6   0.015625
  1        6   0.015625
 -1        6  -0.015625
  1        6   0.015625
 -1        6  -0.015625
 -1        6  -0.015625
  1        6   0.015625
 -1        6  -0.015625
  1        6   0.015625
  1        6   0.015625
 -1        6  -0.015625
 -1        6  -0.015625
 -1        6  -0.015625
  1        6   0.015625
  1        6   0.015625
  1        6   0.015625
  1        6   0.015625
  1        6   0.015625
 -1        6  -0.015625
  1        6   0.015625
  1        6   0.015625
 -1        6  -0.015625
  1        6   0.015625
  1        6   0.015625
  1        6   0.015625
 -1        6  -0.015625
  1        6   0.015625
 -1        6  -0.015625
  1        6   0.015625
  1        6   0.015625
  1        6   0.015625
  1        6   0.015625
  1        6   0.015625
  1        6   0.015625
  1        6   0.015625
 -1        6  -0.015625
 -1        6  -0.015625
  1        6   0.015625
  1        6   0.015625
 -1        6  -0.015625
 -1        6  -0.015625
  1        6   0.015625
  1        6   0.015625
  1        6   0.015625
  1        6   0.015625
 -1        6  -0.015625
  1        6   0.015625
  1        6   0.015625
  1        6   0.015625
 -1        6  -0.015625
 -1        6  -0.015625
 -1        6  -0.015625
  1        6   0.015625
  1        6   0.015625
  1        6   0.015625
  1        6   0.015625
  1        6   0.015625
  1        6   0.015625
  1        6   0.015625
  1        6   0.015625
  1        6   0.015625
  1        6   0.015625
  1        6   0.015625
 -1        6  -0.015625
  1        6   0.015625
  1        6   0.015625
  1        6   0.015625
 -1        6  -0.015625
  1        6   0.015625
  1        6   0.015625
  1        6   0.015625
  1        6   0.015625
 -1        6  -0.015625
  1        6   0.015625
 -1        6  -0.015625
 -1        6  -0.015625
 -1        6  -0.015625
  1        6   0.015625
 -1        6  -0.015625
 -1        6  -0.015625
  1        6   0.015625
  1        6   0.015625
  1        6   0.015625
  1        6   0.015625
 -1        6  -0.015625
 -1        6  -0.015625
 -1        6  -0.015625
  1        6   0.015625
  1        6   0.015625
 -1        6  -0.015625
  1        6   0.015625
 -1        6  -0.015625
 -1        6  -0.015625
 -1        6  -0.015625
 -1        6  -0.015625
 -1        6  -0.015625
 -1        6  -0.015625
 -1        6  -0.015625
  1        6   0.015625
 -1        6  -0.015625
 -1        6  -0.015625
 -1        6  -0.015625
  1        6   0.015625
 -1        6  -0.015625
  1        6   0.015625
  1        6   0.015625
 -1        6  -0.015625
 -1        6  -0.015625
  1        6   0.015625
  1        6   0.015625
 -1        6  -0.015625
 -1        6  -0.015625
  1        6   0.015625
  1        6   0.015625
 -1        6  -0.015625
 -1        6  -0.015625
 -1        6  -0.015625
  1        6   0.015625

Cumulative EDP:
  weight          EDP    weight time
       6     2.218750       6338.06s

============================================================
Weight loss = 7
============================================================

Summary (646 trails):
  s   weight      value
 -1        7  -0.007812
 -1        7  -0.007812
  1        7   0.007812
 -1        7  -0.007812
  1        7   0.007812
 -1        7  -0.007812
 -1        7  -0.007812
 -1        7  -0.007812
 -1        7  -0.007812
 -1        7  -0.007812
  1        7   0.007812
  1        7   0.007812
 -1        7  -0.007812
 -1        7  -0.007812
  1        7   0.007812
 -1        7  -0.007812
 -1        7  -0.007812
 -1        7  -0.007812
 -1        7  -0.007812
 -1        7  -0.007812
 -1        7  -0.007812
 -1        7  -0.007812
 -1        7  -0.007812
 -1        7  -0.007812
  1        7   0.007812
  1        7   0.007812
 -1        7  -0.007812
 -1        7  -0.007812
 -1        7  -0.007812
 -1        7  -0.007812
 -1        7  -0.007812
  1        7   0.007812
 -1        7  -0.007812
 -1        7  -0.007812
 -1        7  -0.007812
 -1        7  -0.007812
 -1        7  -0.007812
 -1        7  -0.007812
 -1        7  -0.007812
  1        7   0.007812
 -1        7  -0.007812
 -1        7  -0.007812
 -1        7  -0.007812
 -1        7  -0.007812
 -1        7  -0.007812
 -1        7  -0.007812
 -1        7  -0.007812
  1        7   0.007812
  1        7   0.007812
  1        7   0.007812
 -1        7  -0.007812
 -1        7  -0.007812
  1        7   0.007812
 -1        7  -0.007812
 -1        7  -0.007812
 -1        7  -0.007812
 -1        7  -0.007812
 -1        7  -0.007812
 -1        7  -0.007812
  1        7   0.007812
  1        7   0.007812
 -1        7  -0.007812
 -1        7  -0.007812
 -1        7  -0.007812
  1        7   0.007812
 -1        7  -0.007812
 -1        7  -0.007812
  1        7   0.007812
 -1        7  -0.007812
 -1        7  -0.007812
 -1        7  -0.007812
 -1        7  -0.007812
  1        7   0.007812
  1        7   0.007812
 -1        7  -0.007812
  1        7   0.007812
 -1        7  -0.007812
 -1        7  -0.007812
  1        7   0.007812
 -1        7  -0.007812
  1        7   0.007812
  1        7   0.007812
 -1        7  -0.007812
 -1        7  -0.007812
  1        7   0.007812
 -1        7  -0.007812
 -1        7  -0.007812
  1        7   0.007812
  1        7   0.007812
 -1        7  -0.007812
  1        7   0.007812
 -1        7  -0.007812
 -1        7  -0.007812
  1        7   0.007812
  1        7   0.007812
 -1        7  -0.007812
 -1        7  -0.007812
  1        7   0.007812
 -1        7  -0.007812
 -1        7  -0.007812
  1        7   0.007812
  1        7   0.007812
 -1        7  -0.007812
 -1        7  -0.007812
  1        7   0.007812
 -1        7  -0.007812
  1        7   0.007812
 -1        7  -0.007812
  1        7   0.007812
  1        7   0.007812
 -1        7  -0.007812
  1        7   0.007812
 -1        7  -0.007812
  1        7   0.007812
 -1        7  -0.007812
 -1        7  -0.007812
 -1        7  -0.007812
 -1        7  -0.007812
  1        7   0.007812
  1        7   0.007812
 -1        7  -0.007812
  1        7   0.007812
 -1        7  -0.007812
 -1        7  -0.007812
 -1        7  -0.007812
  1        7   0.007812
  1        7   0.007812
 -1        7  -0.007812
 -1        7  -0.007812
  1        7   0.007812
  1        7   0.007812
 -1        7  -0.007812
 -1        7  -0.007812
 -1        7  -0.007812
  1        7   0.007812
 -1        7  -0.007812
 -1        7  -0.007812
 -1        7  -0.007812
  1        7   0.007812
 -1        7  -0.007812
  1        7   0.007812
  1        7   0.007812
  1        7   0.007812
 -1        7  -0.007812
 -1        7  -0.007812
 -1        7  -0.007812
 -1        7  -0.007812
  1        7   0.007812
 -1        7  -0.007812
  1        7   0.007812
 -1        7  -0.007812
 -1        7  -0.007812
  1        7   0.007812
 -1        7  -0.007812
  1        7   0.007812
 -1        7  -0.007812
  1        7   0.007812
 -1        7  -0.007812
 -1        7  -0.007812
 -1        7  -0.007812
  1        7   0.007812
 -1        7  -0.007812
  1        7   0.007812
 -1        7  -0.007812
  1        7   0.007812
  1        7   0.007812
  1        7   0.007812
  1        7   0.007812
  1        7   0.007812
  1        7   0.007812
  1        7   0.007812
 -1        7  -0.007812
  1        7   0.007812
  1        7   0.007812
  1        7   0.007812
  1        7   0.007812
 -1        7  -0.007812
 -1        7  -0.007812
  1        7   0.007812
  1        7   0.007812
 -1        7  -0.007812
  1        7   0.007812
 -1        7  -0.007812
  1        7   0.007812
  1        7   0.007812
 -1        7  -0.007812
  1        7   0.007812
 -1        7  -0.007812
 -1        7  -0.007812
 -1        7  -0.007812
  1        7   0.007812
  1        7   0.007812
 -1        7  -0.007812
 -1        7  -0.007812
  1        7   0.007812
 -1        7  -0.007812
 -1        7  -0.007812
 -1        7  -0.007812
  1        7   0.007812
  1        7   0.007812
 -1        7  -0.007812
 -1        7  -0.007812
  1        7   0.007812
 -1        7  -0.007812
  1        7   0.007812
 -1        7  -0.007812
  1        7   0.007812
 -1        7  -0.007812
 -1        7  -0.007812
 -1        7  -0.007812
 -1        7  -0.007812
 -1        7  -0.007812
 -1        7  -0.007812
 -1        7  -0.007812
 -1        7  -0.007812
  1        7   0.007812
 -1        7  -0.007812
 -1        7  -0.007812
 -1        7  -0.007812
 -1        7  -0.007812
 -1        7  -0.007812
  1        7   0.007812
  1        7   0.007812
 -1        7  -0.007812
  1        7   0.007812
  1        7   0.007812
 -1        7  -0.007812
 -1        7  -0.007812
 -1        7  -0.007812
  1        7   0.007812
 -1        7  -0.007812
 -1        7  -0.007812
 -1        7  -0.007812
 -1        7  -0.007812
  1        7   0.007812
 -1        7  -0.007812
 -1        7  -0.007812
 -1        7  -0.007812
 -1        7  -0.007812
 -1        7  -0.007812
 -1        7  -0.007812
 -1        7  -0.007812
  1        7   0.007812
 -1        7  -0.007812
  1        7   0.007812
 -1        7  -0.007812
  1        7   0.007812
  1        7   0.007812
  1        7   0.007812
 -1        7  -0.007812
 -1        7  -0.007812
 -1        7  -0.007812
  1        7   0.007812
 -1        7  -0.007812
 -1        7  -0.007812
 -1        7  -0.007812
  1        7   0.007812
 -1        7  -0.007812
  1        7   0.007812
 -1        7  -0.007812
 -1        7  -0.007812
  1        7   0.007812
  1        7   0.007812
  1        7   0.007812
  1        7   0.007812
 -1        7  -0.007812
 -1        7  -0.007812
 -1        7  -0.007812
  1        7   0.007812
  1        7   0.007812
  1        7   0.007812
  1        7   0.007812
 -1        7  -0.007812
 -1        7  -0.007812
  1        7   0.007812
  1        7   0.007812
 -1        7  -0.007812
 -1        7  -0.007812
 -1        7  -0.007812
 -1        7  -0.007812
  1        7   0.007812
  1        7   0.007812
 -1        7  -0.007812
 -1        7  -0.007812
 -1        7  -0.007812
  1        7   0.007812
  1        7   0.007812
 -1        7  -0.007812
 -1        7  -0.007812
 -1        7  -0.007812
 -1        7  -0.007812
 -1        7  -0.007812
 -1        7  -0.007812
 -1        7  -0.007812
 -1        7  -0.007812
 -1        7  -0.007812
 -1        7  -0.007812
  1        7   0.007812
 -1        7  -0.007812
 -1        7  -0.007812
 -1        7  -0.007812
 -1        7  -0.007812
 -1        7  -0.007812
  1        7   0.007812
 -1        7  -0.007812
 -1        7  -0.007812
  1        7   0.007812
 -1        7  -0.007812
 -1        7  -0.007812
  1        7   0.007812
  1        7   0.007812
 -1        7  -0.007812
 -1        7  -0.007812
 -1        7  -0.007812
  1        7   0.007812
 -1        7  -0.007812
 -1        7  -0.007812
 -1        7  -0.007812
  1        7   0.007812
 -1        7  -0.007812
  1        7   0.007812
 -1        7  -0.007812
 -1        7  -0.007812
  1        7   0.007812
 -1        7  -0.007812
 -1        7  -0.007812
 -1        7  -0.007812
 -1        7  -0.007812
  1        7   0.007812
 -1        7  -0.007812
 -1        7  -0.007812
  1        7   0.007812
 -1        7  -0.007812
  1        7   0.007812
 -1        7  -0.007812
 -1        7  -0.007812
  1        7   0.007812
 -1        7  -0.007812
 -1        7  -0.007812
  1        7   0.007812
 -1        7  -0.007812
 -1        7  -0.007812
  1        7   0.007812
  1        7   0.007812
 -1        7  -0.007812
 -1        7  -0.007812
  1        7   0.007812
  1        7   0.007812
  1        7   0.007812
  1        7   0.007812
 -1        7  -0.007812
 -1        7  -0.007812
 -1        7  -0.007812
 -1        7  -0.007812
 -1        7  -0.007812
 -1        7  -0.007812
 -1        7  -0.007812
 -1        7  -0.007812
  1        7   0.007812
  1        7   0.007812
 -1        7  -0.007812
  1        7   0.007812
 -1        7  -0.007812
 -1        7  -0.007812
 -1        7  -0.007812
 -1        7  -0.007812
 -1        7  -0.007812
 -1        7  -0.007812
 -1        7  -0.007812
  1        7   0.007812
 -1        7  -0.007812
  1        7   0.007812
  1        7   0.007812
 -1        7  -0.007812
 -1        7  -0.007812
 -1        7  -0.007812
 -1        7  -0.007812
 -1        7  -0.007812
  1        7   0.007812
  1        7   0.007812
 -1        7  -0.007812
  1        7   0.007812
  1        7   0.007812
  1        7   0.007812
 -1        7  -0.007812
 -1        7  -0.007812
 -1        7  -0.007812
 -1        7  -0.007812
 -1        7  -0.007812
  1        7   0.007812
 -1        7  -0.007812
 -1        7  -0.007812
 -1        7  -0.007812
 -1        7  -0.007812
  1        7   0.007812
  1        7   0.007812
 -1        7  -0.007812
  1        7   0.007812
 -1        7  -0.007812
 -1        7  -0.007812
 -1        7  -0.007812
  1        7   0.007812
 -1        7  -0.007812
 -1        7  -0.007812
  1        7   0.007812
 -1        7  -0.007812
  1        7   0.007812
 -1        7  -0.007812
 -1        7  -0.007812
  1        7   0.007812
 -1        7  -0.007812
  1        7   0.007812
  1        7   0.007812
 -1        7  -0.007812
  1        7   0.007812
 -1        7  -0.007812
  1        7   0.007812
  1        7   0.007812
 -1        7  -0.007812
 -1        7  -0.007812
 -1        7  -0.007812
  1        7   0.007812
 -1        7  -0.007812
  1        7   0.007812
 -1        7  -0.007812
 -1        7  -0.007812
 -1        7  -0.007812
  1        7   0.007812
 -1        7  -0.007812
 -1        7  -0.007812
 -1        7  -0.007812
 -1        7  -0.007812
 -1        7  -0.007812
 -1        7  -0.007812
  1        7   0.007812
  1        7   0.007812
 -1        7  -0.007812
 -1        7  -0.007812
  1        7   0.007812
 -1        7  -0.007812
 -1        7  -0.007812
 -1        7  -0.007812
 -1        7  -0.007812
 -1        7  -0.007812
  1        7   0.007812
 -1        7  -0.007812
 -1        7  -0.007812
 -1        7  -0.007812
  1        7   0.007812
  1        7   0.007812
  1        7   0.007812
  1        7   0.007812
 -1        7  -0.007812
 -1        7  -0.007812
  1        7   0.007812
  1        7   0.007812
 -1        7  -0.007812
 -1        7  -0.007812
  1        7   0.007812
 -1        7  -0.007812
 -1        7  -0.007812
 -1        7  -0.007812
  1        7   0.007812
  1        7   0.007812
 -1        7  -0.007812
 -1        7  -0.007812
 -1        7  -0.007812
  1        7   0.007812
  1        7   0.007812
 -1        7  -0.007812
 -1        7  -0.007812
  1        7   0.007812
 -1        7  -0.007812
 -1        7  -0.007812
  1        7   0.007812
 -1        7  -0.007812
 -1        7  -0.007812
  1        7   0.007812
  1        7   0.007812
  1        7   0.007812
  1        7   0.007812
 -1        7  -0.007812
 -1        7  -0.007812
 -1        7  -0.007812
 -1        7  -0.007812
  1        7   0.007812
 -1        7  -0.007812
  1        7   0.007812
 -1        7  -0.007812
 -1        7  -0.007812
 -1        7  -0.007812
 -1        7  -0.007812
 -1        7  -0.007812
  1        7   0.007812
 -1        7  -0.007812
 -1        7  -0.007812
 -1        7  -0.007812
  1        7   0.007812
  1        7   0.007812
  1        7   0.007812
 -1        7  -0.007812
  1        7   0.007812
  1        7   0.007812
  1        7   0.007812
 -1        7  -0.007812
 -1        7  -0.007812
  1        7   0.007812
  1        7   0.007812
 -1        7  -0.007812
  1        7   0.007812
 -1        7  -0.007812
 -1        7  -0.007812
  1        7   0.007812
  1        7   0.007812
 -1        7  -0.007812
 -1        7  -0.007812
  1        7   0.007812
 -1        7  -0.007812
 -1        7  -0.007812
 -1        7  -0.007812
 -1        7  -0.007812
  1        7   0.007812
 -1        7  -0.007812
 -1        7  -0.007812
  1        7   0.007812
 -1        7  -0.007812
  1        7   0.007812
 -1        7  -0.007812
 -1        7  -0.007812
  1        7   0.007812
 -1        7  -0.007812
 -1        7  -0.007812
  1        7   0.007812
 -1        7  -0.007812
 -1        7  -0.007812
 -1        7  -0.007812
 -1        7  -0.007812
  1        7   0.007812
 -1        7  -0.007812
 -1        7  -0.007812
 -1        7  -0.007812
 -1        7  -0.007812
 -1        7  -0.007812
 -1        7  -0.007812
 -1        7  -0.007812
 -1        7  -0.007812
 -1        7  -0.007812
 -1        7  -0.007812
 -1        7  -0.007812
 -1        7  -0.007812
 -1        7  -0.007812
 -1        7  -0.007812
 -1        7  -0.007812
 -1        7  -0.007812
  1        7   0.007812
 -1        7  -0.007812
 -1        7  -0.007812
  1        7   0.007812
 -1        7  -0.007812
  1        7   0.007812
 -1        7  -0.007812
 -1        7  -0.007812
  1        7   0.007812
 -1        7  -0.007812
 -1        7  -0.007812
 -1        7  -0.007812
 -1        7  -0.007812
 -1        7  -0.007812
 -1        7  -0.007812
  1        7   0.007812
 -1        7  -0.007812
  1        7   0.007812
  1        7   0.007812
 -1        7  -0.007812
  1        7   0.007812
 -1        7  -0.007812
 -1        7  -0.007812
 -1        7  -0.007812
  1        7   0.007812
 -1        7  -0.007812
 -1        7  -0.007812
 -1        7  -0.007812
  1        7   0.007812
  1        7   0.007812
  1        7   0.007812
  1        7   0.007812
  1        7   0.007812
 -1        7  -0.007812
 -1        7  -0.007812
 -1        7  -0.007812
 -1        7  -0.007812
  1        7   0.007812
  1        7   0.007812
 -1        7  -0.007812
  1        7   0.007812
 -1        7  -0.007812
  1        7   0.007812
  1        7   0.007812
  1        7   0.007812
 -1        7  -0.007812
  1        7   0.007812
  1        7   0.007812
  1        7   0.007812
 -1        7  -0.007812
  1        7   0.007812
  1        7   0.007812
 -1        7  -0.007812
 -1        7  -0.007812
 -1        7  -0.007812
 -1        7  -0.007812
  1        7   0.007812
  1        7   0.007812
 -1        7  -0.007812
 -1        7  -0.007812
 -1        7  -0.007812
  1        7   0.007812
  1        7   0.007812
 -1        7  -0.007812
 -1        7  -0.007812
 -1        7  -0.007812
 -1        7  -0.007812
 -1        7  -0.007812
 -1        7  -0.007812
 -1        7  -0.007812
 -1        7  -0.007812
 -1        7  -0.007812
  1        7   0.007812
  1        7   0.007812
 -1        7  -0.007812
  1        7   0.007812
 -1        7  -0.007812
 -1        7  -0.007812
 -1        7  -0.007812
 -1        7  -0.007812
 -1        7  -0.007812
  1        7   0.007812
  1        7   0.007812
 -1        7  -0.007812
 -1        7  -0.007812
 -1        7  -0.007812
 -1        7  -0.007812
 -1        7  -0.007812
  1        7   0.007812
 -1        7  -0.007812
 -1        7  -0.007812
 -1        7  -0.007812

Cumulative EDP:
  weight          EDP    weight time
       7     0.843750      24573.90s

